10000 0.339968 4096
10000 0.315424 8192
10000 0.315424 16384
10000 0.322528 32768
10000 0.321536 65536
10000 0.320512 131072
10000 0.31744 8192
10000 0.3072 16384
10000 0.342016 32768
10000 0.308192 65536
10000 0.316416 131072
10000 0.325664 262144
10000 0.315424 16384
10000 0.315392 32768
10000 0.313344 65536
10000 0.311296 131072
10000 0.311296 262144
10000 0.319488 524288
10000 0.319456 32768
10000 0.314336 65536
10000 0.322528 131072
10000 0.309216 262144
10000 0.31024 524288
10000 0.317408 1048576
10000 0.309248 65536
10000 0.314368 131072
10000 0.310304 262144
10000 0.311296 524288
10000 0.307168 1048576
10000 0.405472 2097152
10000 0.30512 131072
10000 0.30512 262144
10000 0.306176 524288
10000 0.331744 1048576
10000 0.322592 2097152
10000 0.334816 4194304
100000 0.759808 4096
100000 0.612352 8192
100000 0.656416 16384
100000 0.610304 32768
100000 0.618464 65536
100000 0.610304 131072
100000 0.60416 8192
100000 0.605184 16384
100000 0.655392 32768
100000 0.618464 65536
100000 0.598016 131072
100000 0.60416 262144
100000 0.596992 16384
100000 0.597984 32768
100000 0.596 65536
100000 0.612352 131072
100000 0.600064 262144
100000 0.60112 524288
100000 0.590816 32768
100000 0.592864 65536
100000 0.592864 131072
100000 0.592864 262144
100000 0.600096 524288
100000 0.59904 1048576
100000 0.592864 65536
100000 0.592864 131072
100000 0.594944 262144
100000 0.644128 524288
100000 0.600096 1048576
100000 0.606176 2097152
100000 0.630784 131072
100000 0.591872 262144
100000 0.602112 524288
100000 0.603136 1048576
100000 0.60928 2097152
100000 0.6216 4194304
1000000 3.9649 4096
1000000 3.21642 8192
1000000 3.20717 16384
1000000 3.14371 32768
1000000 3.16112 65536
1000000 3.15395 131072
1000000 3.13242 8192
1000000 3.1457 16384
1000000 3.22864 32768
1000000 3.2993 65536
1000000 3.16211 131072
1000000 3.15082 262144
1000000 3.16317 16384
1000000 3.14573 32768
1000000 3.21946 65536
1000000 3.15286 131072
1000000 3.17539 262144
1000000 3.16416 524288
1000000 3.17235 32768
1000000 3.17341 65536
1000000 3.18566 131072
1000000 3.1744 262144
1000000 3.22355 524288
1000000 3.2143 1048576
1000000 3.16928 65536
1000000 3.1713 131072
1000000 3.19382 262144
1000000 3.19075 524288
1000000 3.21635 1048576
1000000 3.21437 2097152
1000000 3.18259 131072
1000000 3.16925 262144
1000000 3.18976 524288
1000000 3.20208 1048576
1000000 3.21741 2097152
1000000 3.23994 4194304
10000000 38.6366 4096
10000000 30.079 8192
10000000 30.0943 16384
10000000 30.0995 32768
10000000 30.0841 65536
10000000 30.083 131072
10000000 29.7359 8192
10000000 27.1391 16384
10000000 25.9881 32768
10000000 25.5877 65536
10000000 25.3532 131072
10000000 25.347 262144
10000000 25.3389 16384
10000000 25.2764 32768
10000000 25.2273 65536
10000000 25.2784 131072
10000000 25.3932 262144
10000000 25.2477 524288
10000000 25.2406 32768
10000000 25.2631 65536
10000000 25.2754 131072
10000000 25.2457 262144
10000000 25.2867 524288
10000000 25.299 1048576
10000000 25.2262 65536
10000000 25.2365 131072
10000000 25.2917 262144
10000000 25.2293 524288
10000000 25.298 1048576
10000000 25.3972 2097152
10000000 25.5334 131072
10000000 25.431 262144
10000000 43.0162 524288
10000000 37.7016 1048576
10000000 26.6578 2097152
10000000 25.6625 4194304
100000000 315.069 4096
100000000 246.566 8192
100000000 250.732 16384
100000000 249.339 32768
100000000 298.914 65536
100000000 291.71 131072
100000000 247.831 8192
100000000 251.407 16384
100000000 246.496 32768
100000000 247.184 65536
100000000 246.496 131072
100000000 246.594 262144
100000000 251.624 16384
100000000 247.726 32768
100000000 247.539 65536
100000000 246.529 131072
100000000 246.369 262144
100000000 247.092 524288
100000000 246.583 32768
100000000 247.551 65536
100000000 247.375 131072
100000000 257.003 262144
100000000 247.574 524288
100000000 246.988 1048576
100000000 246.318 65536
100000000 246.374 131072
100000000 246.707 262144
100000000 247.206 524288
100000000 247.381 1048576
100000000 248.064 2097152
100000000 245.897 131072
100000000 245.917 262144
100000000 246.017 524288
100000000 246.646 1048576
100000000 246.765 2097152
100000000 246.656 4194304
1000000000 3423.08 4096
1000000000 3404.41 8192
1000000000 2935.13 16384
1000000000 2661.03 32768
1000000000 2638.26 65536
1000000000 2655.08 131072
1000000000 2633.23 8192
1000000000 2620.37 16384
1000000000 2835.59 32768
1000000000 2738.84 65536
1000000000 2617.52 131072
1000000000 2619.44 262144
1000000000 2620.59 16384
1000000000 2615.69 32768
1000000000 2619.64 65536
1000000000 2617.84 131072
1000000000 2617.35 262144
1000000000 2617.05 524288
1000000000 2618.11 32768
1000000000 2621.26 65536
1000000000 2609.67 131072
1000000000 2610.29 262144
1000000000 2609.34 524288
1000000000 2608.99 1048576
1000000000 2609.9 65536
1000000000 2611.56 131072
1000000000 2611.26 262144
1000000000 2666.9 524288
1000000000 2608.03 1048576
1000000000 2610.15 2097152
1000000000 2607.94 131072
1000000000 2609.11 262144
1000000000 2736.59 524288
1000000000 2610.16 1048576
1000000000 2608.86 2097152
1000000000 2607.53 4194304
