10000 0.008224 4096
10000 0.008192 8192
10000 0.009248 16384
10000 0.009216 32768
10000 0.012288 65536
10000 0.017376 131072
10000 0.00816 8192
10000 0.00816 16384
10000 0.009184 32768
10000 0.01024 65536
10000 0.013344 131072
10000 0.016352 262144
10000 0.008192 16384
10000 0.008224 32768
10000 0.008224 65536
10000 0.01024 131072
10000 0.012288 262144
10000 0.017408 524288
10000 0.008192 32768
10000 0.008192 65536
10000 0.009248 131072
10000 0.009184 262144
10000 0.012288 524288
10000 0.016352 1048576
10000 0.009248 65536
10000 0.008224 131072
10000 0.009216 262144
10000 0.01024 524288
10000 0.014336 1048576
10000 0.021472 2097152
10000 0.009248 131072
10000 0.01024 262144
10000 0.011232 524288
10000 0.01536 1048576
10000 0.024576 2097152
10000 0.039936 4194304
100000 0.009216 4096
100000 0.008896 8192
100000 0.010144 16384
100000 0.01024 32768
100000 0.012288 65536
100000 0.018176 131072
100000 0.00816 8192
100000 0.009152 16384
100000 0.009248 32768
100000 0.01024 65536
100000 0.012864 131072
100000 0.017408 262144
100000 0.008864 16384
100000 0.009088 32768
100000 0.01024 65536
100000 0.01088 131072
100000 0.01328 262144
100000 0.017376 524288
100000 0.009216 32768
100000 0.010048 65536
100000 0.01024 131072
100000 0.011296 262144
100000 0.01328 524288
100000 0.018432 1048576
100000 0.009824 65536
100000 0.010912 131072
100000 0.011296 262144
100000 0.012864 524288
100000 0.01728 1048576
100000 0.02336 2097152
100000 0.011264 131072
100000 0.011296 262144
100000 0.013344 524288
100000 0.017376 1048576
100000 0.025632 2097152
100000 0.042016 4194304
1000000 0.009248 4096
1000000 0.009216 8192
1000000 0.01024 16384
1000000 0.011296 32768
1000000 0.013312 65536
1000000 0.018368 131072
1000000 0.01024 8192
1000000 0.01024 16384
1000000 0.01024 32768
1000000 0.01296 65536
1000000 0.014336 131072
1000000 0.019424 262144
1000000 0.01024 16384
1000000 0.010272 32768
1000000 0.012 65536
1000000 0.014048 131072
1000000 0.019456 262144
1000000 0.031392 524288
1000000 0.01024 32768
1000000 0.011296 65536
1000000 0.014368 131072
1000000 0.019232 262144
1000000 0.030752 524288
1000000 0.052224 1048576
1000000 0.01216 65536
1000000 0.013312 131072
1000000 0.019136 262144
1000000 0.03072 524288
1000000 0.052928 1048576
1000000 0.059392 2097152
1000000 0.014304 131072
1000000 0.019424 262144
1000000 0.030624 524288
1000000 0.237568 1048576
1000000 0.060192 2097152
1000000 0.075744 4194304
10000000 0.009248 4096
10000000 0.009184 8192
10000000 0.01024 16384
10000000 0.011072 32768
10000000 0.034816 65536
10000000 0.018048 131072
10000000 0.010048 8192
10000000 0.01024 16384
10000000 0.010208 32768
10000000 0.011232 65536
10000000 0.014304 131072
10000000 0.019456 262144
10000000 0.009024 16384
10000000 0.009248 32768
10000000 0.011808 65536
10000000 0.013184 131072
10000000 0.0184 262144
10000000 0.030496 524288
10000000 0.009184 32768
10000000 0.010816 65536
10000000 0.01328 131072
10000000 0.018368 262144
10000000 0.031296 524288
10000000 0.05424 1048576
10000000 0.010272 65536
10000000 0.013312 131072
10000000 0.016992 262144
10000000 0.030688 524288
10000000 0.053248 1048576
10000000 0.102144 2097152
10000000 0.013312 131072
10000000 0.018016 262144
10000000 0.030496 524288
10000000 0.054272 1048576
10000000 0.1008 2097152
10000000 0.19456 4194304
100000000 0.008032 4096
100000000 0.008704 8192
100000000 0.155648 16384
100000000 0.010176 32768
100000000 0.011872 65536
100000000 0.161792 131072
100000000 0.008192 8192
100000000 0.008896 16384
100000000 0.01024 32768
100000000 0.01024 65536
100000000 0.013216 131072
100000000 0.018432 262144
100000000 0.154624 16384
100000000 0.009216 32768
100000000 0.011264 65536
100000000 0.012288 131072
100000000 0.018176 262144
100000000 0.031424 524288
100000000 0.009216 32768
100000000 0.011072 65536
100000000 0.012288 131072
100000000 0.162816 262144
100000000 0.03072 524288
100000000 0.053728 1048576
100000000 0.01024 65536
100000000 0.159744 131072
100000000 0.017888 262144
100000000 0.029696 524288
100000000 0.19968 1048576
100000000 0.1024 2097152
100000000 0.013312 131072
100000000 0.017408 262144
100000000 0.03072 524288
100000000 0.053248 1048576
100000000 0.100192 2097152
100000000 0.193536 4194304
1000000000 0.008864 4096
1000000000 0.008832 8192
1000000000 0.00976 16384
1000000000 0.010784 32768
1000000000 0.084992 65536
1000000000 0.01696 131072
1000000000 0.080896 8192
1000000000 0.009216 16384
1000000000 0.010208 32768
1000000000 0.011264 65536
1000000000 0.013312 131072
1000000000 0.017984 262144
1000000000 0.009824 16384
1000000000 0.009792 32768
1000000000 0.012192 65536
1000000000 0.013024 131072
1000000000 0.019232 262144
1000000000 0.029696 524288
1000000000 0.009088 32768
1000000000 0.011232 65536
1000000000 0.014336 131072
1000000000 0.018432 262144
1000000000 0.029696 524288
1000000000 0.054208 1048576
1000000000 0.01072 65536
1000000000 0.014016 131072
1000000000 0.018144 262144
1000000000 0.03072 524288
1000000000 0.054112 1048576
1000000000 0.10192 2097152
1000000000 0.01328 131072
1000000000 0.017984 262144
1000000000 0.03072 524288
1000000000 0.054272 1048576
1000000000 0.1024 2097152
1000000000 0.265216 4194304
